   020
   169

   021
   168

   028
   161

   532
   029

   160
   533

   032
   119

   033
   118

   036
   528

   037
   529

   038
   113

   526
   039

   112
   527
   189
   080
   188
   081
   181
   088
   180
   089
   100
   438
   101
   439
   209
   102
   208
   103
   203
   108
   430
   202
   109
   431
   525
   110
   524
   111
   521
   114
   520
   115
   523
   116
   522
   117
   120
   418
   121
   419
   128
   410
   129
   411
   219
   130
   408
   218
   131
   409
   211
   138
   400
   210
   139
   401
   517
   140
   478
   516
   141
   479
   515
   142
   514
   143
   513
   144
   512
   145
   511
   146
   510
   147
   148
   470
   149
   471
   150
   468
   151
   469
   158
   460
   159
   461
   531
   162
   530
   163
   535
   166
   534
   167
   509
   174
   508
   175
   505
   178
   504
   179
   279
   190
   278
   191
   271
   198
   270
   199
   433
   200
   432
   201
   437
   204
   436
   205
   435
   206
   434
   207
   403
   212
   402
   213
   405
   214
   404
   215
   407
   216
   406
   217
   369
   220
   368
   221
   361
   228
   360
   229
   359
   236
   358
   237
   357
   238
   356
   239
   349
   240
   348
   241
   341
   248
   340
   249
   389
   280
   388
   281
   381
   288
   380
   289
   481
   290
   480
   291
   483
   292
   482
   293
   485
   294
   484
   295
   487
   296
   486
   297
   489
   298
   488
   299
   326
   458
   327
   459
   328
   456
   329
   457
   332
   448
   333
   449
   338
   442
   339
   443
   476
   519
   477
   518
   002
   010
   003
   004
   005
   006
   007
   008
   009
   011
   012
   013
   014
   015
   049
   016
   048
   017
   047
   018
   046
   019
   022
   023
   051
   024
   050
   025
   026
   052
   027
   030
   031
   034
   035
   040
   041
   042
   043
   044
   045
   053
   054
   055
   056
   057
   058
   059
   060
   061
   062
   063
   064
   065
   066
   067
   068
   069
   070
   071
   072
   073
   074
   075
   076
   077
   078
   079
   082
   083
   084
   085
   086
   087
   090
   091
   153
   092
   152
   093
   155
   094
   154
   095
   157
   096
   156
   097
   098
   099
   104
   105
   106
   107
   122
   123
   124
   125
   126
   127
   132
   133
   134
   135
   136
   137
   164
   165
   170
   171
   172
   173
   176
   177
   182
   183
   184
   185
   186
   187
   192
   193
   194
   195
   196
   197
   222
   223
   224
   225
   226
   227
   230
   231
   232
   233
   234
   235
   242
   243
   244
   245
   246
   247
   391
   250
   390
   251
   393
   252
   392
   253
   395
   254
   394
   255
   397
   256
   396
   257
   399
   258
   398
   259
   387
   260
   386
   261
   385
   262
   384
   263
   383
   264
   382
   265
   266
   267
   286
   268
   287
   269
   272
   273
   274
   275
   276
   277
   282
   283
   284
   285
   300
   301
   302
   303
   304
   305
   306
   307
   308
   309
   310
   311
   312
   313
   314
   315
   316
   317
   318
   319
   320
   321
   322
   323
   324
   325
   330
   331
   334
   335
   336
   337
   342
   343
   344
   345
   346
   347
   350
   351
   352
   353
   354
   355
   362
   363
   364
   365
   366
   367
   370
   371
   372
   373
   374
   375
   376
   377
   378
   379
   412
   413
   414
   415
   416
   417
   420
   421
   422
   423
   424
   425
   426
   427
   428
   429
   440
   441
   444
   445
   446
   447
   450
   451
   452
   453
   454
   455
   462
   463
   464
   465
   466
   467
   472
   473
   474
   475
   490
   491
   492
   493
   494
   495
   496
   497
   498
   499
   500
   501
   502
   503
   506
   507
